2000  1	SerieA			496040000	404     234400000 	356		-261640000
2000   2	PremierLeague	479840000	294	    334690000	339		-1451500000
2000  3	LaLiga			382480000   236	    353390000 	216		-29100000
2000  4	Ligue1			210370000 	220	    170260000	228		-40110000
2000  5	Bundesliga		116270000	171 	52240000 	162		-64030000
2000  6	SüperLig		65750000    337	    44830000	310		-20930000
2001  1	SerieA			496040000	404     234400000 	356		-261640000
2001   2	PremierLeague	479840000	294	    334690000	339		-1451500000
2001  3	LaLiga			382480000   236	    353390000 	216		-29100000
2001  4	Ligue1			210370000 	220	    170260000	228		-40110000
2001  5	Bundesliga		116270000	171 	52240000 	162		-64030000
2001  6	SüperLig		65750000    337	    44830000	310		-20930000
2002  1	SerieA			496040000	404     234400000 	356		-261640000
2002   2	PremierLeague	479840000	294	    334690000	339		-1451500000
2002  3	LaLiga			382480000   236	    353390000 	216		-29100000
2002  4	Ligue1			210370000 	220	    170260000	228		-40110000
2002  5	Bundesliga		116270000	171 	52240000 	162		-64030000
2002  6	SüperLig		65750000    337	    44830000	310		-20930000
